01309656
01449031
01455657
01458115
014675010
01468015
014685001
01468718
014690103
014480156
01448314
01448348
01448363
01448389
014486501
01448405
01448686
014489016
014490013
01398071
01399111
01414894
0141601010
01416444
01416907
01448041
01448165
015018784
013810001
01381010
013810018
01381036
01381044
01381051
01381069
01381093
01381101
013960181
01167609
0101301783
010184818
013040177
01310464
01375731
013767601
01380301
01380400
01380814
01380830
01380863
01380871
01380913
01380939
01380947
01381705
01171197
013757013
01380475
01380491
01380509
013805015
01380566
01380590
01380780
01380798
01380806
0101310131
013800169
013800177
013800185
01380319
01380343
013803901
013804016
013804401
01380459
01380467
01380558
0150195901
01159390
010137618
010137675
01306793
013103014
01349819
01375343
01375764
01376093
01380608
013806014
01380640
01380657
01380665
01380673
01380699
01380707
01380715
013807013
01380749
013809011
01448637
01448660
011673018
011713101
010137014
010137063
0101370179
010137386
010137576
010137717
010164687
01310514
01349611
013496019
01349710
01380731
0138080101
01395549
01396976
01397354
014000165
01457703
01305753
01309839
01309904
01309995
013101401
01310183
01310498
01310571
01337038
01349801
013761901
01166403
0101355011
01307080
01309698
01309714
0131001015
01310357
01374841
01467447
010447015
0101176018
010147963
0101880115
013045801
013743010
01380004
013800010
01380053
01380061
01380079
01380103
01380111
01380137
013801501
01380178
01380186
0138001001
013800110
0138001018
013800136
01380483
01448587