Group1: 01380665,013757013,013805015,01380871,01381010
Group2: 013809011,01375343,01448637,01375731,013807013
Group3: 0101355011,01310498,01310357,01310514,01310464
Group4: 01381036,01381069,01380566,01380459,01380715
Group5: 01349611,01416907,01309698,01455657,01458115
Group6: 01380830,01375764,013803901,01380608
Group7: 01380731,011673018,013960181,01380467,01171197
Group8: 01380400,01309904,0138080101,014690103,01380640
Group9: 01310571,013800169,01380913,01380491,01307080
Group10: 013800136,013103014,01309656,01380590,013101401
Group11: 01380814,013806014,01380111,01380699,01380673
Group12: 01414894,01448363,0138001001,01448314,01448041
Group13: 01468015,01457703,01448348,010137063,014000165
Group14: 01467447,01468718,01380186,01305753,013801501
Group15: 01374841,01380939,013767601,01380798,013761901
Group16: 01448587,01380004,014489016,01380707,01448389
Group17: 01396976,01337038,01448447,013800177,01167609
Group18: 010184818,01306793,013800110,013804016,01380756
Group19: 013496019,01416444,014486501,01448686,014490013
Group20: 01448405,01380103,01449031,01159390,01448660
Group21: 01381101,01380319,01380749,015018784,01380178
Group22: 010164687
Group23: 0131001801,01381044,01309714,0131001015,013045801
Group24: 013743010,01380343,01448165,01380558,01380509
Group25: 011713101
Group26: 013800010,01380061,01381705,01310183,014685001
Group27: 01309839,01380657,013040177,01309995,01166403
Group28: 013810018,013804401,01380806,01380079
Group29: 01397354,01380137,010137618,014480156,0138001018
Group30: 010137576,0101310131,010137386,013810001,01380863
Group31: 01395549,01399111,01380780,01381093,01349801
Group32: 01398071,01349819,01380483,0101301783
Group33: 01380053,01380947,010147963,01376093,014680139
